[gd_scene load_steps=12 format=2]

[ext_resource path="res://assets/scripts/Controller.gd" type="Script" id=1]
[ext_resource path="res://assets/scripts/com/Space.gd" type="Script" id=2]
[ext_resource path="res://FXAA.tscn" type="PackedScene" id=3]
[ext_resource path="res://assets/scripts/com/Camera.gd" type="Script" id=4]
[ext_resource path="res://deliveryFlat.tscn" type="PackedScene" id=5]
[ext_resource path="res://tr.tscn" type="PackedScene" id=6]
[ext_resource path="res://firetruck2.tscn" type="PackedScene" id=7]
[ext_resource path="res://fat_cart.tscn" type="PackedScene" id=8]
[ext_resource path="res://van.tscn" type="PackedScene" id=9]

[sub_resource type="CubeMesh" id=1]

[sub_resource type="BoxShape" id=2]
extents = Vector3( 29.2985, 1, 30.7061 )

[node name="Spatial" type="Spatial"]
transform = Transform( 1, 0, 0, 0, 1, 0, 0, 0, 1, -0.0283051, -0.051857, 0.030304 )
script = ExtResource( 2 )

[node name="Floor2" type="MeshInstance" parent="."]
transform = Transform( 30, 0, 0, 0, 0.2, 0, 0, 0, 30, 0.0485229, 9.53674e-07, 0.0453262 )
mesh = SubResource( 1 )
material/0 = null

[node name="StaticBody" type="StaticBody" parent="Floor2"]
input_ray_pickable = false

[node name="CollisionShape" type="CollisionShape" parent="Floor2/StaticBody"]
transform = Transform( 0.0333333, 0, 0, 0, 5, 0, 0, 0, 0.0333333, 0, -3.285, 0 )
shape = SubResource( 2 )

[node name="fat_cart" parent="." instance=ExtResource( 8 )]

[node name="Camera" type="Camera" parent="."]
transform = Transform( 0.0633514, 0.353583, -0.933255, -0.0122606, 0.935339, 0.35354, 0.997916, -0.010955, 0.0635901, -52.736, 16.235, 5.799 )
current = true
fov = 29.4
script = ExtResource( 4 )
stabilize_horizon = true
joystick_enabled = false

[node name="DirectionalLight" type="DirectionalLight" parent="."]
transform = Transform( 0.590591, -0.778422, 0.212749, 0.221293, 0.409759, 0.884945, -0.776036, -0.47556, 0.414259, 8.55496, 34.6715, 33.6058 )
light_color = Color( 0.67451, 0.67451, 0.568627, 1 )
shadow_enabled = true

[node name="firetruck" parent="." instance=ExtResource( 7 )]
transform = Transform( 0.669571, 0, -0.742748, 0, 1, 0, 0.742748, 0, 0.669571, -3.71951, 4.07406, -2.68611 )
mass = 50.0
contact_monitor = true
init_wheel_friction_slip = 15
power_multiplier = 80

[node name="flatbed" parent="." instance=ExtResource( 5 )]
transform = Transform( 0.669571, 0, -0.742748, 0, 1, 0, 0.742748, 0, 0.669571, -8.0887, 5.32618, -7.00398 )
mass = 20.0
contact_monitor = true
linear_damp = -0.5
init_wheel_friction_slip = 12
power_multiplier = 50
brake_multiplier = 2

[node name="van" parent="." instance=ExtResource( 9 )]
transform = Transform( 0.669571, 0, -0.742748, 0, 1, 0, 0.742748, 0, 0.669571, 2.60308, 3.88705, 9.4755 )
mass = 35.0
contact_monitor = true
init_wheel_friction_slip = 4
power_multiplier = 20
brake_multiplier = 2

[node name="tr" parent="." instance=ExtResource( 6 )]
transform = Transform( 1, 0, 0, 0, 1, 0, 0, 0, 1, 0, 2.24219, 5.03984 )
contact_monitor = true
can_sleep = false
init_wheel_friction_slip = 25
power_multiplier = 15
brake_multiplier = 15

[node name="FXAA" parent="." instance=ExtResource( 3 )]
visible = false
mouse_filter = 1
mouse_default_cursor_shape = 13
color = Color( 0.109804, 0.0392157, 0.0392157, 1 )

[node name="Controller" type="Spatial" parent="."]
transform = Transform( 1, 0, 0, 0, 1, 0, 0, 0, 1, 0.00772572, 0.0194254, -0.00177956 )
script = ExtResource( 1 )
node = NodePath("../tr")
brake_multiplier = 4
direction_axis_deadzone = 0.1

[node name="EventOut" type="Label" parent="Controller"]
margin_left = 3.0
margin_top = 24.0
margin_right = 89.0
margin_bottom = 38.0
text = "Current Event"
__meta__ = {
"_edit_use_anchors_": false
}

[node name="Power" type="Label" parent="Controller"]
margin_left = 4.0
margin_top = 44.0
margin_right = 90.0
margin_bottom = 58.0
text = "Engine Power"
__meta__ = {
"_edit_use_anchors_": false
}

[node name="fps_label" type="Label" parent="Controller"]
margin_left = 4.0
margin_top = 4.0
margin_right = 60.0
margin_bottom = 18.0
custom_colors/font_color_shadow = Color( 0, 0, 0, 1 )
custom_constants/shadow_as_outline = 0
text = "fps_label"
__meta__ = {
"_edit_use_anchors_": false
}
